0 00000-pano.jpg 1550630641.338331 1.975468 0.055957 1.836331 0.999885 0.000450 -0.000736 0.015144
1 00001-pano.jpg 1550630650.148860 3.220265 0.222013 1.840131 0.996490 -0.002833 0.001048 0.083660
2 00002-pano.jpg 1550630703.108858 4.441499 0.113521 1.837845 0.964087 -0.002167 -0.000928 -0.265576
3 00003-pano.jpg 1550630718.836736 4.701457 -1.271827 1.839841 0.686539 0.000390 -0.001621 -0.727091
4 00004-pano.jpg 1550630742.456756 4.729419 -2.927099 1.841723 0.714483 -0.000605 -0.000570 -0.699652
5 00005-pano.jpg 1550630752.270577 4.766211 -4.555837 1.841966 0.715330 -0.000289 -0.001801 -0.698784
6 00006-pano.jpg 1550630766.690570 4.804894 -6.202654 1.834649 0.714891 0.002304 -0.002457 -0.699228
7 00007-pano.jpg 1550630777.900498 4.838380 -7.775655 1.835928 0.708372 0.000917 -0.001591 -0.705837
8 00008-pano.jpg 1550630795.130497 3.201165 -8.326794 1.834735 -0.002707 0.001996 0.001230 0.999994
9 00009-pano.jpg 1550630805.140263 1.579027 -8.369797 1.835195 -0.021030 0.000424 0.002811 0.999775
10 00010-pano.jpg 1550630813.750267 -0.104134 -8.388348 1.845107 -0.005591 0.000354 -0.003844 0.999977
11 00011-pano.jpg 1550630825.766202 -1.816274 -8.384252 1.849471 0.006657 0.000851 0.001794 0.999976
12 00012-pano.jpg 1550630833.976204 -3.464565 -8.405694 1.842152 -0.010813 0.001744 0.000883 0.999940
13 00013-pano.jpg 1550630842.590125 -5.072596 -8.405935 1.841731 0.046427 -0.000827 -0.000346 0.998921
14 00014-pano.jpg 1550630851.400198 -6.726289 -8.149796 1.842678 -0.011795 0.001692 -0.000332 0.999929
15 00015-pano.jpg 1550630860.004065 -8.382256 -8.213751 1.827356 -0.022696 0.000576 0.000312 0.999742
16 00016-pano.jpg 1550630873.124064 -9.460544 -9.327881 1.830682 0.714973 0.000489 0.000671 -0.699152
17 00017-pano.jpg 1550630882.432036 -9.407283 -11.035093 1.842496 0.714971 -0.001489 -0.002828 -0.699147
18 00018-pano.jpg 1550630891.242036 -9.360941 -12.699885 1.844615 0.715860 0.003100 -0.001779 -0.698235
19 00019-pano.jpg 1550630900.261933 -9.338222 -14.296038 1.840425 0.709365 0.000149 -0.001223 -0.704841
20 00020-pano.jpg 1550630918.681945 -7.549369 -14.682631 1.838647 0.999986 0.002580 -0.001473 -0.004380
21 00021-pano.jpg 1550630926.891826 -5.896462 -14.619679 1.842985 0.999899 0.000640 0.000373 0.014181
22 00022-pano.jpg 1550630937.701844 -4.138702 -14.588537 1.836242 0.999998 0.000271 -0.001335 0.001444
23 00023-pano.jpg 1550630947.707786 -2.373344 -14.568146 1.842368 0.999995 -0.001035 -0.002706 0.001557
24 00024-pano.jpg 1550630962.727758 -0.833029 -15.351537 1.837739 0.812515 -0.002368 -0.000819 -0.582935
25 00025-pano.jpg 1550630977.851791 0.594472 -16.183831 1.838876 0.999311 0.000603 -0.002029 0.037045
26 00026-pano.jpg 1550630992.361790 2.407136 -15.836461 1.848409 0.997046 0.001734 -0.000876 0.076778
27 00027-pano.jpg 1550631002.371622 4.195902 -15.750968 1.838172 0.999873 0.000296 -0.001520 0.015855
28 00028-pano.jpg 1550631020.501611 4.950797 -13.968687 1.838835 0.691077 0.003442 -0.000808 0.722773
29 00029-pano.jpg 1550631033.007519 4.811802 -12.092952 1.843806 0.689306 0.002823 -0.001964 0.724462
30 00030-pano.jpg 1550631043.527458 4.734898 -10.288533 1.842510 0.694969 0.003533 0.000337 0.719031
31 00031-pano.jpg 1550631054.241406 4.665660 -8.567487 1.838670 0.706563 0.001121 -0.001360 0.707648
32 00032-pano.jpg 1550631121.411405 4.923702 -15.645104 1.836775 0.721091 0.000742 -0.002150 -0.692837
33 00033-pano.jpg 1550631133.029156 4.967175 -17.752140 1.846032 0.714570 -0.000234 -0.000691 -0.699563
34 00034-pano.jpg 1550631144.239153 5.035249 -19.692079 1.838785 0.722878 0.001577 0.000484 -0.690973
35 00035-pano.jpg 1550631156.053188 5.106023 -21.568558 1.837686 0.719768 -0.000086 -0.003009 -0.694208
36 00036-pano.jpg 1550631168.073192 5.158740 -23.525906 1.838222 0.712429 0.003557 0.000341 -0.701735
37 00037-pano.jpg 1550631224.743128 5.267020 -25.328197 1.837403 0.714818 -0.001025 -0.002247 -0.699306
38 00038-pano.jpg 1550631237.852954 5.300760 -27.061965 1.844557 0.712596 0.002153 -0.000551 -0.701571
39 00039-pano.jpg 1550631256.778732 5.315393 -28.613642 1.838853 0.711054 0.002490 -0.002946 -0.703127
40 00040-pano.jpg 1550631267.088724 5.319134 -30.273783 1.835154 0.709529 0.000295 -0.010333 -0.704601
41 00041-pano.jpg 1550631277.608644 5.349372 -32.090794 1.841545 0.705953 -0.002030 -0.004179 -0.708243
42 00042-pano.jpg 1550631286.618731 5.387116 -33.753003 1.847331 0.720480 0.000661 -0.006776 -0.693443
43 00043-pano.jpg 1550631295.226623 5.463033 -35.389980 1.838861 0.720420 0.004179 -0.001093 -0.693524
44 00044-pano.jpg 1550631304.536623 5.527856 -37.122945 1.837400 0.712102 0.001039 -0.003038 -0.702068
45 00045-pano.jpg 1550631313.846509 5.544864 -38.845528 1.835853 0.707865 -0.000495 -0.002949 -0.706341
46 00046-pano.jpg 1550631325.966509 5.580675 -40.503916 1.837793 0.716220 0.000797 -0.001192 -0.697873
47 00047-pano.jpg 1550631334.870505 5.681706 -42.344318 1.838162 0.723125 0.003401 -0.002236 -0.690706
48 00048-pano.jpg 1550631343.080524 5.766737 -44.083253 1.837048 0.731389 -0.000186 -0.001100 -0.681960
49 00049-pano.jpg 1550631351.990363 5.880888 -45.878596 1.835344 0.721024 -0.001189 -0.002908 -0.692903
50 00050-pano.jpg 1550631360.500382 5.970146 -47.856111 1.838027 0.726649 0.002410 0.000122 -0.687005
51 00051-pano.jpg 1550631369.006319 6.084575 -49.630159 1.831298 0.730493 -0.000474 -0.005208 -0.682900
52 00052-pano.jpg 1550631377.016315 6.130896 -51.236633 1.832322 0.722600 -0.000312 -0.002426 -0.691262
53 00053-pano.jpg 1550631386.136250 6.186493 -53.086387 1.840482 0.716402 -0.000028 -0.004074 -0.697676
54 00054-pano.jpg 1550631394.246252 6.236727 -54.897458 1.833201 0.713104 -0.002484 -0.002885 -0.701048
55 00055-pano.jpg 1550631402.850251 6.258105 -56.907300 1.834370 0.709920 -0.000579 -0.002642 -0.704277
56 00056-pano.jpg 1550631410.760229 6.277720 -58.543098 1.833900 0.708970 -0.003696 -0.003048 -0.705223
57 00057-pano.jpg 1550631419.470140 6.283557 -60.381858 1.835349 0.709836 0.001972 -0.002046 -0.704361
58 00058-pano.jpg 1550631444.300168 6.300100 -61.959735 1.829739 0.708339 0.002268 -0.000861 -0.705869
59 00059-pano.jpg 1550631456.616052 6.314610 -63.483387 1.828184 0.709545 0.001062 -0.001796 -0.704657
60 00060-pano.jpg 1550631671.976092 -7.516923 -60.896359 1.836299 0.791267 0.003746 -0.001919 0.611456
61 00061-pano.jpg 1550631682.895608 -7.531570 -59.007528 1.845147 0.691262 0.001820 0.000282 0.722602
62 00062-pano.jpg 1550631696.805608 -7.605507 -57.449152 1.844923 0.691422 0.001768 0.000420 0.722449
63 00063-pano.jpg 1550631707.819149 -7.676625 -55.615156 1.843996 0.699765 0.001328 -0.002151 0.714368
64 00064-pano.jpg 1550631724.439148 -7.721617 -53.661703 1.851622 0.685206 -0.000768 0.003362 0.728341
65 00065-pano.jpg 1550631735.059065 -7.785613 -51.927104 1.846927 0.700084 0.000714 0.000267 0.714060
66 00066-pano.jpg 1550631813.749081 -7.800854 -50.325486 1.835780 0.703747 0.002728 0.000942 0.710445
67 00067-pano.jpg 1550631827.762747 -7.841158 -48.615073 1.846055 0.687540 0.004842 -0.001635 0.726128
68 00068-pano.jpg 1550631845.292747 -7.922497 -46.823703 1.841312 0.685610 0.002020 0.002792 0.727961
69 00069-pano.jpg 1550631864.116632 -7.998028 -44.955673 1.837524 0.700107 0.001634 -0.000216 0.714036
70 00070-pano.jpg 1550631885.736630 -8.028458 -43.298868 1.837701 0.693719 0.003143 -0.001484 0.720237
71 00071-pano.jpg 1550631893.304524 -8.034265 -43.163580 1.839506 0.691013 0.002889 -0.001758 0.722834
72 00072-pano.jpg 1550631911.364489 -8.103579 -41.240715 1.844065 0.697209 0.001067 0.000119 0.716867
73 00073-pano.jpg 1550631931.588415 -8.159179 -39.780734 1.841521 0.702527 0.001532 -0.001177 0.711655
74 00074-pano.jpg 1550631955.128404 -8.189447 -38.211048 1.840601 0.692855 0.002199 0.000392 0.721073
75 00075-pano.jpg 1550632104.406318 -9.943355 -38.046586 1.837081 -0.020345 0.001204 0.001245 0.999792
76 00076-pano.jpg 1550632119.926318 -11.617859 -38.108438 1.836357 -0.027017 -0.000156 0.001577 0.999634
77 00077-pano.jpg 1550632131.935690 -13.485468 -38.205841 1.833704 -0.034429 0.001856 0.000898 0.999405
78 00078-pano.jpg 1550632142.745687 -14.982141 -38.280224 1.837509 -0.019935 0.001181 0.002812 0.999797
79 00079-pano.jpg 1550632159.671607 -15.841226 -40.055018 1.838028 -0.392744 0.002052 0.001428 0.919644
80 00080-pano.jpg 1550632172.381639 -17.629747 -40.403215 1.834367 -0.134127 0.002313 0.005694 0.990945
81 00081-pano.jpg 1550632253.381474 -18.094174 -42.257074 1.839654 0.704961 0.001769 -0.000123 -0.709244
82 00082-pano.jpg 1550632259.421502 -18.089083 -42.641519 1.838766 0.704981 -0.001392 -0.000383 -0.709225
83 00083-pano.jpg 1550632288.831338 -18.062604 -44.167376 1.832203 0.718474 0.002339 0.003275 -0.695542
84 00084-pano.jpg 1550632316.661336 -18.044343 -45.689857 1.831018 0.696015 0.001354 -0.004557 -0.718012
85 00085-pano.jpg 1550632330.781050 -18.007700 -47.227791 1.836389 0.722868 0.001577 -0.000792 -0.690984
86 00086-pano.jpg 1550632340.691002 -17.921925 -48.926980 1.838628 0.717114 -0.000950 0.001586 -0.696953
87 00087-pano.jpg 1550632351.804931 -17.829826 -50.833393 1.829089 0.718415 -0.003362 -0.002658 -0.695602
88 00088-pano.jpg 1550632382.944935 -17.731471 -52.532824 1.828426 0.726074 -0.000516 -0.002984 -0.687610
89 00089-pano.jpg 1550632394.160774 -17.633937 -54.413939 1.843663 0.729764 0.001684 0.000633 -0.683697
90 00090-pano.jpg 1550632405.070776 -17.538374 -56.219348 1.830620 0.713881 -0.002328 -0.000568 -0.700263
91 00091-pano.jpg 1550632415.378732 -17.484451 -57.757076 1.834184 0.724430 0.000007 -0.000075 -0.689348
92 00092-pano.jpg 1550632426.428752 -17.627120 -59.120370 1.848273 0.722684 -0.001247 -0.005589 -0.691155
93 00093-pano.jpg 1550632514.898601 -16.167459 -38.348384 1.840671 0.713108 0.001632 0.002270 0.701048
94 00094-pano.jpg 1550632529.098628 -16.201971 -37.301634 1.839135 0.699075 0.004026 -0.003793 0.715027
95 00095-pano.jpg 1550632543.842294 -16.290669 -35.475949 1.849616 0.697015 0.003551 -0.006876 0.717014
96 00096-pano.jpg 1550632552.552301 -16.365711 -33.629980 1.837211 0.697043 -0.000489 -0.001034 0.717028
97 00097-pano.jpg 1550632560.558349 -16.331874 -31.808100 1.832989 0.712851 0.004490 -0.002828 0.701296
98 00098-pano.jpg 1550632570.068390 -17.075515 -30.017017 1.841988 0.491827 -0.002251 -0.001598 0.870688
99 00099-pano.jpg 1550632582.488285 -17.410617 -28.067882 1.841760 0.682041 0.000072 -0.001526 0.731313
100 00100-pano.jpg 1550632595.298254 -17.493099 -26.057038 1.845968 0.687959 -0.001842 -0.000495 0.725747
101 00101-pano.jpg 1550632606.412043 -17.619028 -24.006206 1.853614 0.698517 0.001629 -0.002062 0.715589
102 00102-pano.jpg 1550632617.222068 -17.664554 -21.991468 1.855008 0.688221 -0.000977 0.001738 0.725499
103 00103-pano.jpg 1550632631.240033 -17.617165 -20.379182 1.846426 0.759402 0.001046 -0.001981 0.650618
104 00104-pano.jpg 1550632644.559985 -17.102429 -18.815236 1.855591 0.822848 0.000049 -0.003112 0.568254
105 00105-pano.jpg 1550632652.965868 -17.029024 -17.175891 1.846935 0.693043 0.000871 0.000671 0.720896
106 00106-pano.jpg 1550632661.075868 -17.048990 -15.557727 1.859184 0.710934 0.004579 -0.001034 0.703243
107 00107-pano.jpg 1550632669.085940 -17.049560 -13.959039 1.872758 0.698328 0.004689 -0.003244 0.715756
108 00108-pano.jpg 1550632758.697112 -11.931799 -37.949641 1.840826 0.698983 0.000669 -0.001806 0.715135
109 00109-pano.jpg 1550632769.712331 -11.936717 -36.002432 1.839370 0.706580 0.001494 -0.003234 0.707624
110 00110-pano.jpg 1550632783.322269 -11.967427 -34.243142 1.846206 0.707345 -0.001191 -0.002269 0.706864
111 00111-pano.jpg 1550632794.435374 -11.950049 -32.640277 1.842710 0.707175 -0.001476 -0.001436 0.707035
112 00112-pano.jpg 1550632835.385416 -12.000029 -30.928575 1.835312 0.699196 0.000988 -0.003634 0.714920
113 00113-pano.jpg 1550632844.799235 -12.015832 -28.955761 1.840778 0.708236 0.001260 -0.002646 0.705969
114 00114-pano.jpg 1550632855.009252 -12.054271 -26.691006 1.847196 0.692475 -0.004174 0.000804 0.721429
115 00115-pano.jpg 1550632864.324275 -12.096001 -24.622749 1.843084 0.703952 0.000181 -0.001794 0.710246
116 00116-pano.jpg 1550632875.234180 -12.149216 -22.395929 1.845680 0.700620 -0.003030 -0.000890 0.713528
117 00117-pano.jpg 1550632885.247118 -12.216844 -20.196207 1.842064 0.691499 -0.001940 0.001890 0.722373
118 00118-pano.jpg 1550632894.157146 -12.291957 -18.090680 1.847803 0.700267 -0.001212 -0.002155 0.713877
119 00119-pano.jpg 1550632903.065010 -12.332842 -15.988739 1.842047 0.695161 0.001209 -0.001935 0.718850
120 00120-pano.jpg 1550632911.975016 -12.446029 -13.804275 1.842362 0.685259 -0.001460 0.000302 0.728298
121 00121-pano.jpg 1550632920.591033 -12.547359 -11.713538 1.830247 0.695094 0.000067 -0.001692 0.718917
122 00122-pano.jpg 1550632928.100989 -12.562784 -10.051993 1.841683 0.707624 0.001838 -0.000183 0.706587
123 00123-pano.jpg 1550633173.998884 -9.352491 0.527804 1.834135 0.820729 0.002062 -0.001020 0.571314
124 00124-pano.jpg 1550633194.628890 -7.672352 0.715923 1.837150 0.999876 -0.000033 -0.001432 0.015665
125 00125-pano.jpg 1550633205.035993 -5.917014 0.819398 1.836464 0.999601 0.000454 0.001044 0.028211
126 00126-pano.jpg 1550633214.655972 -3.995401 0.937066 1.837985 0.999904 0.003354 -0.000043 0.013435
127 00127-pano.jpg 1550633227.269942 -1.990941 0.891673 1.845267 0.999582 -0.000102 0.002155 -0.028826
128 00128-pano.jpg 1550633237.179940 0.003295 0.442116 1.842894 0.989389 0.001617 -0.001273 -0.145276
129 00129-pano.jpg 1550633335.707827 -9.683507 -0.323774 1.839427 0.726509 0.000257 -0.003261 -0.687150
130 00130-pano.jpg 1550633344.017816 -9.598111 -1.873754 1.839419 0.725211 -0.002353 -0.002258 -0.688518
131 00131-pano.jpg 1550633352.027575 -9.517725 -3.734640 1.833273 0.718114 -0.003818 -0.000618 -0.695915
132 00132-pano.jpg 1550633360.037574 -9.482958 -5.250648 1.839640 0.710305 -0.004026 0.002349 -0.703878
133 00133-pano.jpg 1550633367.043406 -9.443106 -6.912691 1.835251 0.717437 -0.001256 -0.002644 -0.696618
