panorama_0808/1.JPG    -7.17207860947  -0.114106297493 -4.99253177643    -0.520612120628 -0.479164600372 -0.478365659714  0.520125567913
panorama_0808/2.JPG     -5.27752161026  0.0197123643011 -0.124816767871 -0.593828320503 -0.384302467108 -0.385854572058 0.592280209064
panorama_0808/3.JPG     -5.92002916336 0.246549889445 8.87217998505  0.491098672152 0.509761035442 0.504114985466 -0.494806945324
panorama_0808/4.JPG     -3.07674503326 0.355578124523 13.2616739273 -0.627769529819 -0.325443178415 -0.332670748234 0.623956978321
panorama_0808/5.JPG     -8.21283149719 0.369300425053 12.4818162918 -0.571595907211 -0.419106990099 -0.421719104052 0.565491378307
panorama_0808/6.JPG     -6.98792982101 0.502332627773 18.5666503906 0.385342001915 0.595678806305 0.586399972439 -0.390913665295
panorama_0808/7.JPG 	-8.49060440063 0.660522580147 24.408082962 0.443629443645 0.553420782089 0.545474588871 -0.446515321732
panorama_0808/8.JPG     -10.3223638535 0.858723640442 31.1873035431 0.415186285973 0.574772179127 0.564704120159 -0.422334641218
panorama_0808/9.JPG     -11.565955162 1.0127171278 37.417930603 -0.558432459831 -0.432227432728 -0.431439131498 0.561420381069
panorama_0808/10.JPG 	-5.97052812576 1.07999157906 41.6242485046 -0.711468398571 0.0376000665128 0.0125004472211 0.701600074768
panorama_0808/11.JPG 	0.0306762252003 0.991313695908 41.3624267578 -0.702422082424 0.133390158415 0.106370352209 0.691010594368    
panorama_0808/12.JPG 	5.16849088669 0.810218572617 40.4291915894 -0.592225790024 0.409687668085 0.374327301979 0.584212064743
panorama_0808/13.JPG 	3.65162920952 0.832258284092 33.894241333 -0.376856297255 0.619610965252 0.585803568363 0.361795186996
panorama_0808/14.JPG     3.40178513527 0.681934595108 28.398431778 -0.461772233248 0.558793187141 0.520648479462 0.451045185328
panorama_0808/15.JPG     3.33450269699 0.543057382107 22.5219230652 -0.498143881559 0.526678323746 0.492780715227 0.481279313564
panorama_0808/16.JPG    3.27362537384 0.321829557419 15.0334501266 -0.49770757556 0.526364326477 0.490526676178 0.484366983175
panorama_0808/17.JPG 	2.37284111977 0.153027668595 7.06391811371 -0.422615677118 0.589655399323 0.555343747139 0.406565904617
panorama_0808/18.JPG     2.17344546318 -0.00961060635746 1.94174265862 -0.496631622314 0.52936154604 0.488658428192 0.484093338251
panorama_0808/19.JPG     0.872388064861 -0.121687687933 -2.80910754204 -0.367255359888 0.627904176712 0.590731918812 0.349135607481
panorama_0808/20.JPG     3.74468255043 -0.284008204937 -6.48457384109 -0.662344276905 0.288077354431 0.250702381134 0.644561707973
panorama_0808/21.JPG     4.79605293274 -0.161832168698 -3.85667514801 0.433589011431 0.561579406261 0.5552713871 -0.433938890696
panorama_0808/22.JPG     7.91175317764 0.051786147058 1.18026971817 -0.707066118717 -0.0765446349978 -0.0943074226379 0.696638047695
panorama_0808/23.JPG 	-1.39837062359 0.568398416042 22.2714271545 0.474145293236 0.527869462967 0.522405803204 -0.472897857428
panorama_0808/24.JPG     -4.095246315 0.821864485741 31.4004039764 0.435038298368 0.560762226582 0.553046703339 -0.436379134655